0	0
0.01	-0.013609
0.02	-0.027249
0.03	-0.040916
0.04	-0.054607
0.05	-0.068318
0.06	-0.082046
0.07	-0.095788
0.08	-0.10954
0.09	-0.1233
0.1	-0.13706
0.11	-0.15082
0.12	-0.16458
0.13	-0.17833
0.14	-0.19207
0.15	-0.2058
0.16	-0.21951
0.17	-0.2332
0.18	-0.24687
0.19	-0.26051
0.2	-0.27412
0.21	-0.2877
0.22	-0.30126
0.23	-0.31482
0.24	-0.3284
0.25	-0.34201
0.26	-0.35568
0.27	-0.36941
0.28	-0.38322
0.29	-0.39714
0.3	-0.41118
0.31	-0.42534
0.32	-0.43957
0.33	-0.45381
0.34	-0.46799
0.35	-0.48204
0.36	-0.49592
0.37	-0.50953
0.38	-0.52284
0.39	-0.53576
0.4	-0.54824
0.41	-0.56022
0.42	-0.57172
0.43	-0.58274
0.44	-0.59331
0.45	-0.60345
0.46	-0.61317
0.47	-0.62251
0.48	-0.63146
0.49	-0.64007
0.5	-0.64833
0.51	-0.65628
0.52	-0.66393
0.53	-0.67131
0.54	-0.67842
0.55	-0.6853
0.56	-0.69195
0.57	-0.69839
0.58	-0.70463
0.59	-0.71066
0.6	-0.7165
0.61	-0.72216
0.62	-0.72764
0.63	-0.73294
0.64	-0.73808
0.65	-0.74307
0.66	-0.7479
0.67	-0.75259
0.68	-0.75714
0.69	-0.76156
0.7	-0.76585
0.71	-0.77003
0.72	-0.77411
0.73	-0.77807
0.74	-0.78195
0.75	-0.78573
0.76	-0.78943
0.77	-0.79306
0.78	-0.79662
0.79	-0.80012
0.8	-0.80356
0.81	-0.80696
0.82	-0.81031
0.83	-0.81361
0.84	-0.81687
0.85	-0.82008
0.86	-0.82325
0.87	-0.82638
0.88	-0.82946
0.89	-0.8325
0.9	-0.83549
0.91	-0.83845
0.92	-0.84136
0.93	-0.84423
0.94	-0.84707
0.95	-0.84986
0.96	-0.85261
0.97	-0.85533
0.98	-0.858
0.99	-0.86064
1	-0.86325
1.01	-0.86581
1.02	-0.86834
1.03	-0.87084
1.04	-0.8733
1.05	-0.87573
1.06	-0.87812
1.07	-0.88048
1.08	-0.88281
1.09	-0.8851
1.1	-0.88737
1.11	-0.8896
1.12	-0.8918
1.13	-0.89397
1.14	-0.89611
1.15	-0.89822
1.16	-0.9003
1.17	-0.90235
1.18	-0.90437
1.19	-0.90636
1.2	-0.90832
1.21	-0.91025
1.22	-0.91215
1.23	-0.91402
1.24	-0.91586
1.25	-0.91767
1.26	-0.91945
1.27	-0.92121
1.28	-0.92293
1.29	-0.92462
1.3	-0.92629
1.31	-0.92793
1.32	-0.92954
1.33	-0.93112
1.34	-0.93267
1.35	-0.9342
1.36	-0.9357
1.37	-0.93717
1.38	-0.93861
1.39	-0.94002
1.4	-0.94141
1.41	-0.94277
1.42	-0.9441
1.43	-0.9454
1.44	-0.94668
1.45	-0.94793
1.46	-0.94915
1.47	-0.95035
1.48	-0.95152
1.49	-0.95266
1.5	-0.95378
1.51	-0.95487
1.52	-0.95594
1.53	-0.95698
1.54	-0.95799
1.55	-0.95898
1.56	-0.95994
1.57	-0.96087
1.58	-0.96178
1.59	-0.96267
1.6	-0.96353
1.61	-0.96437
1.62	-0.96518
1.63	-0.96596
1.64	-0.96672
1.65	-0.96746
1.66	-0.96817
1.67	-0.96886
1.68	-0.96952
1.69	-0.97016
1.7	-0.97078
1.71	-0.97137
1.72	-0.97194
1.73	-0.97248
1.74	-0.973
1.75	-0.9735
1.76	-0.97397
1.77	-0.97442
1.78	-0.97485
1.79	-0.97525
1.8	-0.97564
1.81	-0.976
1.82	-0.97633
1.83	-0.97665
1.84	-0.97694
1.85	-0.97721
1.86	-0.97746
1.87	-0.97768
1.88	-0.97789
1.89	-0.97807
1.9	-0.97823
1.91	-0.97837
1.92	-0.97848
1.93	-0.97858
1.94	-0.97866
1.95	-0.97871
1.96	-0.97874
1.97	-0.97876
1.98	-0.97875
1.99	-0.97872
2	-0.979
2.01	-0.979
2.02	-0.979
2.03	-0.979
2.04	-0.979
2.05	-0.979
2.06	-0.979
2.07	-0.979
2.08	-0.979
2.09	-0.979
2.1	-0.979
2.11	-0.979
2.12	-0.979
2.13	-0.979
2.14	-0.979
2.15	-0.979
2.16	-0.979
2.17	-0.979
2.18	-0.979
2.19	-0.979
2.2	-0.979
2.21	-0.979
2.22	-0.979
2.23	-0.979
2.24	-0.979
2.25	-0.979
2.26	-0.979
2.27	-0.979
2.28	-0.979
2.29	-0.979
2.3	-0.979
2.31	-0.979
2.32	-0.979
2.33	-0.979
2.34	-0.979
2.35	-0.979
2.36	-0.979
2.37	-0.979
2.38	-0.979
2.39	-0.979
2.4	-0.979
2.41	-0.979
2.42	-0.979
2.43	-0.979
2.44	-0.979
2.45	-0.979
2.46	-0.979
2.47	-0.979
2.48	-0.979
2.49	-0.979
2.5	-0.979
2.51	-0.979
2.52	-0.979
2.53	-0.979
2.54	-0.979
2.55	-0.979
2.56	-0.979
2.57	-0.979
2.58	-0.979
2.59	-0.979
2.6	-0.979
2.61	-0.979
2.62	-0.979
2.63	-0.979
2.64	-0.979
2.65	-0.979
2.66	-0.979
2.67	-0.979
2.68	-0.979
2.69	-0.979
2.7	-0.979
2.71	-0.979
2.72	-0.979
2.73	-0.979
2.74	-0.979
2.75	-0.979
2.76	-0.979
2.77	-0.979
2.78	-0.979
2.79	-0.979
2.8	-0.979
2.81	-0.979
2.82	-0.979
2.83	-0.979
2.84	-0.979
2.85	-0.979
2.86	-0.979
2.87	-0.979
2.88	-0.979
2.89	-0.979
2.9	-0.979
2.91	-0.979
2.92	-0.979
2.93	-0.979
2.94	-0.979
2.95	-0.979
2.96	-0.979
2.97	-0.979
2.98	-0.979
2.99	-0.979
3	-0.979
3.01	-0.979
3.02	-0.979
3.03	-0.979
3.04	-0.979
3.05	-0.979
3.06	-0.979
3.07	-0.979
3.08	-0.979
3.09	-0.979
3.1	-0.979
3.11	-0.979
3.12	-0.979
3.13	-0.979
3.14	-0.979
3.15	-0.979
3.16	-0.979
3.17	-0.979
3.18	-0.979
3.19	-0.979
3.2	-0.979
3.21	-0.979
3.22	-0.979
3.23	-0.979
3.24	-0.979
3.25	-0.979
3.26	-0.979
3.27	-0.979
3.28	-0.979
3.29	-0.979
3.3	-0.979
3.31	-0.979
3.32	-0.979
3.33	-0.979
3.34	-0.979
3.35	-0.979
3.36	-0.979
3.37	-0.979
3.38	-0.979
3.39	-0.979
3.4	-0.979
3.41	-0.979
3.42	-0.979
3.43	-0.979
3.44	-0.979
3.45	-0.979
3.46	-0.979
3.47	-0.979
3.48	-0.979
3.49	-0.979
3.5	-0.979
3.51	-0.979
3.52	-0.979
3.53	-0.979
3.54	-0.979
3.55	-0.979
3.56	-0.979
3.57	-0.979
3.58	-0.979
3.59	-0.979
3.6	-0.979
3.61	-0.979
3.62	-0.979
3.63	-0.979
3.64	-0.979
3.65	-0.979
3.66	-0.979
3.67	-0.979
3.68	-0.979
3.69	-0.979
3.7	-0.979
3.71	-0.979
3.72	-0.979
3.73	-0.979
3.74	-0.979
3.75	-0.979
3.76	-0.979
3.77	-0.979
3.78	-0.979
3.79	-0.979
3.8	-0.979
3.81	-0.979
3.82	-0.979
3.83	-0.979
3.84	-0.979
3.85	-0.979
3.86	-0.979
3.87	-0.979
3.88	-0.979
3.89	-0.979
3.9	-0.979
3.91	-0.979
3.92	-0.979
3.93	-0.979
3.94	-0.979
3.95	-0.979
3.96	-0.979
3.97	-0.979
3.98	-0.979
3.99	-0.979
4	-0.97867
4.01	-0.97872
4.02	-0.97875
4.03	-0.97876
4.04	-0.97874
4.05	-0.97871
4.06	-0.97866
4.07	-0.97858
4.08	-0.97848
4.09	-0.97837
4.1	-0.97823
4.11	-0.97807
4.12	-0.97789
4.13	-0.97768
4.14	-0.97746
4.15	-0.97721
4.16	-0.97694
4.17	-0.97665
4.18	-0.97633
4.19	-0.976
4.2	-0.97564
4.21	-0.97525
4.22	-0.97485
4.23	-0.97442
4.24	-0.97397
4.25	-0.9735
4.26	-0.973
4.27	-0.97248
4.28	-0.97194
4.29	-0.97137
4.3	-0.97078
4.31	-0.97016
4.32	-0.96952
4.33	-0.96886
4.34	-0.96817
4.35	-0.96746
4.36	-0.96672
4.37	-0.96596
4.38	-0.96518
4.39	-0.96437
4.4	-0.96353
4.41	-0.96267
4.42	-0.96178
4.43	-0.96087
4.44	-0.95994
4.45	-0.95898
4.46	-0.95799
4.47	-0.95698
4.48	-0.95594
4.49	-0.95487
4.5	-0.95378
4.51	-0.95266
4.52	-0.95152
4.53	-0.95035
4.54	-0.94915
4.55	-0.94793
4.56	-0.94668
4.57	-0.9454
4.58	-0.9441
4.59	-0.94277
4.6	-0.94141
4.61	-0.94002
4.62	-0.93861
4.63	-0.93717
4.64	-0.9357
4.65	-0.9342
4.66	-0.93267
4.67	-0.93112
4.68	-0.92954
4.69	-0.92793
4.7	-0.92629
4.71	-0.92462
4.72	-0.92293
4.73	-0.92121
4.74	-0.91945
4.75	-0.91767
4.76	-0.91586
4.77	-0.91402
4.78	-0.91215
4.79	-0.91025
4.8	-0.90832
4.81	-0.90636
4.82	-0.90437
4.83	-0.90235
4.84	-0.9003
4.85	-0.89822
4.86	-0.89611
4.87	-0.89397
4.88	-0.8918
4.89	-0.8896
4.9	-0.88737
4.91	-0.8851
4.92	-0.88281
4.93	-0.88048
4.94	-0.87812
4.95	-0.87573
4.96	-0.8733
4.97	-0.87084
4.98	-0.86834
4.99	-0.86581
5	-0.86325
5.01	-0.86064
5.02	-0.858
5.03	-0.85533
5.04	-0.85261
5.05	-0.84986
5.06	-0.84707
5.07	-0.84423
5.08	-0.84136
5.09	-0.83845
5.1	-0.83549
5.11	-0.8325
5.12	-0.82946
5.13	-0.82638
5.14	-0.82325
5.15	-0.82008
5.16	-0.81687
5.17	-0.81361
5.18	-0.81031
5.19	-0.80696
5.2	-0.80356
5.21	-0.80012
5.22	-0.79662
5.23	-0.79306
5.24	-0.78943
5.25	-0.78573
5.26	-0.78195
5.27	-0.77807
5.28	-0.77411
5.29	-0.77003
5.3	-0.76585
5.31	-0.76156
5.32	-0.75714
5.33	-0.75259
5.34	-0.7479
5.35	-0.74307
5.36	-0.73808
5.37	-0.73294
5.38	-0.72764
5.39	-0.72216
5.4	-0.7165
5.41	-0.71066
5.42	-0.70463
5.43	-0.69839
5.44	-0.69195
5.45	-0.6853
5.46	-0.67842
5.47	-0.67131
5.48	-0.66393
5.49	-0.65628
5.5	-0.64833
5.51	-0.64007
5.52	-0.63146
5.53	-0.62251
5.54	-0.61317
5.55	-0.60345
5.56	-0.59331
5.57	-0.58274
5.58	-0.57172
5.59	-0.56022
5.6	-0.54824
5.61	-0.53576
5.62	-0.52284
5.63	-0.50953
5.64	-0.49592
5.65	-0.48204
5.66	-0.46799
5.67	-0.45381
5.68	-0.43957
5.69	-0.42534
5.7	-0.41118
5.71	-0.39714
5.72	-0.38322
5.73	-0.36941
5.74	-0.35568
5.75	-0.34201
5.76	-0.3284
5.77	-0.31482
5.78	-0.30126
5.79	-0.2877
5.8	-0.27412
5.81	-0.26051
5.82	-0.24687
5.83	-0.2332
5.84	-0.21951
5.85	-0.2058
5.86	-0.19207
5.87	-0.17833
5.88	-0.16458
5.89	-0.15082
5.9	-0.13706
5.91	-0.1233
5.92	-0.10954
5.93	-0.095788
5.94	-0.082046
5.95	-0.068318
5.96	-0.054607
5.97	-0.040916
5.98	-0.027249
5.99	-0.013609
6	0
6.01	0.013609
6.02	0.027249
6.03	0.040916
6.04	0.054607
6.05	0.068318
6.06	0.082046
6.07	0.095788
6.08	0.10954
6.09	0.1233
6.1	0.13706
6.11	0.15082
6.12	0.16458
6.13	0.17833
6.14	0.19207
6.15	0.2058
6.16	0.21951
6.17	0.2332
6.18	0.24687
6.19	0.26051
6.2	0.27412
6.21	0.2877
6.22	0.30126
6.23	0.31482
6.24	0.3284
6.25	0.34201
6.26	0.35568
6.27	0.36941
6.28	0.38322
6.29	0.39714
6.3	0.41118
6.31	0.42534
6.32	0.43957
6.33	0.45381
6.34	0.46799
6.35	0.48204
6.36	0.49592
6.37	0.50953
6.38	0.52284
6.39	0.53576
6.4	0.54824
6.41	0.56022
6.42	0.57172
6.43	0.58274
6.44	0.59331
6.45	0.60345
6.46	0.61317
6.47	0.62251
6.48	0.63146
6.49	0.64007
6.5	0.64833
6.51	0.65628
6.52	0.66393
6.53	0.67131
6.54	0.67842
6.55	0.6853
6.56	0.69195
6.57	0.69839
6.58	0.70463
6.59	0.71066
6.6	0.7165
6.61	0.72216
6.62	0.72764
6.63	0.73294
6.64	0.73808
6.65	0.74307
6.66	0.7479
6.67	0.75259
6.68	0.75714
6.69	0.76156
6.7	0.76585
6.71	0.77003
6.72	0.77411
6.73	0.77807
6.74	0.78195
6.75	0.78573
6.76	0.78943
6.77	0.79306
6.78	0.79662
6.79	0.80012
6.8	0.80356
6.81	0.80696
6.82	0.81031
6.83	0.81361
6.84	0.81687
6.85	0.82008
6.86	0.82325
6.87	0.82638
6.88	0.82946
6.89	0.8325
6.9	0.83549
6.91	0.83845
6.92	0.84136
6.93	0.84423
6.94	0.84707
6.95	0.84986
6.96	0.85261
6.97	0.85533
6.98	0.858
6.99	0.86064
7	0.86325
7.01	0.86581
7.02	0.86834
7.03	0.87084
7.04	0.8733
7.05	0.87573
7.06	0.87812
7.07	0.88048
7.08	0.88281
7.09	0.8851
7.1	0.88737
7.11	0.8896
7.12	0.8918
7.13	0.89397
7.14	0.89611
7.15	0.89822
7.16	0.9003
7.17	0.90235
7.18	0.90437
7.19	0.90636
7.2	0.90832
7.21	0.91025
7.22	0.91215
7.23	0.91402
7.24	0.91586
7.25	0.91767
7.26	0.91945
7.27	0.92121
7.28	0.92293
7.29	0.92462
7.3	0.92629
7.31	0.92793
7.32	0.92954
7.33	0.93112
7.34	0.93267
7.35	0.9342
7.36	0.9357
7.37	0.93717
7.38	0.93861
7.39	0.94002
7.4	0.94141
7.41	0.94277
7.42	0.9441
7.43	0.9454
7.44	0.94668
7.45	0.94793
7.46	0.94915
7.47	0.95035
7.48	0.95152
7.49	0.95266
7.5	0.95378
7.51	0.95487
7.52	0.95594
7.53	0.95698
7.54	0.95799
7.55	0.95898
7.56	0.95994
7.57	0.96087
7.58	0.96178
7.59	0.96267
7.6	0.96353
7.61	0.96437
7.62	0.96518
7.63	0.96596
7.64	0.96672
7.65	0.96746
7.66	0.96817
7.67	0.96886
7.68	0.96952
7.69	0.97016
7.7	0.97078
7.71	0.97137
7.72	0.97194
7.73	0.97248
7.74	0.973
7.75	0.9735
7.76	0.97397
7.77	0.97442
7.78	0.97485
7.79	0.97525
7.8	0.97564
7.81	0.976
7.82	0.97633
7.83	0.97665
7.84	0.97694
7.85	0.97721
7.86	0.97746
7.87	0.97768
7.88	0.97789
7.89	0.97807
7.9	0.97823
7.91	0.97837
7.92	0.97848
7.93	0.97858
7.94	0.97866
7.95	0.97871
7.96	0.97874
7.97	0.97876
7.98	0.97875
7.99	0.97872
8	0.979
8.01	0.979
8.02	0.979
8.03	0.979
8.04	0.979
8.05	0.979
8.06	0.979
8.07	0.979
8.08	0.979
8.09	0.979
8.1	0.979
8.11	0.979
8.12	0.979
8.13	0.979
8.14	0.979
8.15	0.979
8.16	0.979
8.17	0.979
8.18	0.979
8.19	0.979
8.2	0.979
8.21	0.979
8.22	0.979
8.23	0.979
8.24	0.979
8.25	0.979
8.26	0.979
8.27	0.979
8.28	0.979
8.29	0.979
8.3	0.979
8.31	0.979
8.32	0.979
8.33	0.979
8.34	0.979
8.35	0.979
8.36	0.979
8.37	0.979
8.38	0.979
8.39	0.979
8.4	0.979
8.41	0.979
8.42	0.979
8.43	0.979
8.44	0.979
8.45	0.979
8.46	0.979
8.47	0.979
8.48	0.979
8.49	0.979
8.5	0.979
8.51	0.979
8.52	0.979
8.53	0.979
8.54	0.979
8.55	0.979
8.56	0.979
8.57	0.979
8.58	0.979
8.59	0.979
8.6	0.979
8.61	0.979
8.62	0.979
8.63	0.979
8.64	0.979
8.65	0.979
8.66	0.979
8.67	0.979
8.68	0.979
8.69	0.979
8.7	0.979
8.71	0.979
8.72	0.979
8.73	0.979
8.74	0.979
8.75	0.979
8.76	0.979
8.77	0.979
8.78	0.979
8.79	0.979
8.8	0.979
8.81	0.979
8.82	0.979
8.83	0.979
8.84	0.979
8.85	0.979
8.86	0.979
8.87	0.979
8.88	0.979
8.89	0.979
8.9	0.979
8.91	0.979
8.92	0.979
8.93	0.979
8.94	0.979
8.95	0.979
8.96	0.979
8.97	0.979
8.98	0.979
8.99	0.979
9	0.979
9.01	0.979
9.02	0.979
9.03	0.979
9.04	0.979
9.05	0.979
9.06	0.979
9.07	0.979
9.08	0.979
9.09	0.979
9.1	0.979
9.11	0.979
9.12	0.979
9.13	0.979
9.14	0.979
9.15	0.979
9.16	0.979
9.17	0.979
9.18	0.979
9.19	0.979
9.2	0.979
9.21	0.979
9.22	0.979
9.23	0.979
9.24	0.979
9.25	0.979
9.26	0.979
9.27	0.979
9.28	0.979
9.29	0.979
9.3	0.979
9.31	0.979
9.32	0.979
9.33	0.979
9.34	0.979
9.35	0.979
9.36	0.979
9.37	0.979
9.38	0.979
9.39	0.979
9.4	0.979
9.41	0.979
9.42	0.979
9.43	0.979
9.44	0.979
9.45	0.979
9.46	0.979
9.47	0.979
9.48	0.979
9.49	0.979
9.5	0.979
9.51	0.979
9.52	0.979
9.53	0.979
9.54	0.979
9.55	0.979
9.56	0.979
9.57	0.979
9.58	0.979
9.59	0.979
9.6	0.979
9.61	0.979
9.62	0.979
9.63	0.979
9.64	0.979
9.65	0.979
9.66	0.979
9.67	0.979
9.68	0.979
9.69	0.979
9.7	0.979
9.71	0.979
9.72	0.979
9.73	0.979
9.74	0.979
9.75	0.979
9.76	0.979
9.77	0.979
9.78	0.979
9.79	0.979
9.8	0.979
9.81	0.979
9.82	0.979
9.83	0.979
9.84	0.979
9.85	0.979
9.86	0.979
9.87	0.979
9.88	0.979
9.89	0.979
9.9	0.979
9.91	0.979
9.92	0.979
9.93	0.979
9.94	0.979
9.95	0.979
9.96	0.979
9.97	0.979
9.98	0.979
9.99	0.979
10	0.97867
10.01	0.97872
10.02	0.97875
10.03	0.97876
10.04	0.97874
10.05	0.97871
10.06	0.97866
10.07	0.97858
10.08	0.97848
10.09	0.97837
10.1	0.97823
10.11	0.97807
10.12	0.97789
10.13	0.97768
10.14	0.97746
10.15	0.97721
10.16	0.97694
10.17	0.97665
10.18	0.97633
10.19	0.976
10.2	0.97564
10.21	0.97525
10.22	0.97485
10.23	0.97442
10.24	0.97397
10.25	0.9735
10.26	0.973
10.27	0.97248
10.28	0.97194
10.29	0.97137
10.3	0.97078
10.31	0.97016
10.32	0.96952
10.33	0.96886
10.34	0.96817
10.35	0.96746
10.36	0.96672
10.37	0.96596
10.38	0.96518
10.39	0.96437
10.4	0.96353
10.41	0.96267
10.42	0.96178
10.43	0.96087
10.44	0.95994
10.45	0.95898
10.46	0.95799
10.47	0.95698
10.48	0.95594
10.49	0.95487
10.5	0.95378
10.51	0.95266
10.52	0.95152
10.53	0.95035
10.54	0.94915
10.55	0.94793
10.56	0.94668
10.57	0.9454
10.58	0.9441
10.59	0.94277
10.6	0.94141
10.61	0.94002
10.62	0.93861
10.63	0.93717
10.64	0.9357
10.65	0.9342
10.66	0.93267
10.67	0.93112
10.68	0.92954
10.69	0.92793
10.7	0.92629
10.71	0.92462
10.72	0.92293
10.73	0.92121
10.74	0.91945
10.75	0.91767
10.76	0.91586
10.77	0.91402
10.78	0.91215
10.79	0.91025
10.8	0.90832
10.81	0.90636
10.82	0.90437
10.83	0.90235
10.84	0.9003
10.85	0.89822
10.86	0.89611
10.87	0.89397
10.88	0.8918
10.89	0.8896
10.9	0.88737
10.91	0.8851
10.92	0.88281
10.93	0.88048
10.94	0.87812
10.95	0.87573
10.96	0.8733
10.97	0.87084
10.98	0.86834
10.99	0.86581
11	0.86325
11.01	0.86064
11.02	0.858
11.03	0.85533
11.04	0.85261
11.05	0.84986
11.06	0.84707
11.07	0.84423
11.08	0.84136
11.09	0.83845
11.1	0.83549
11.11	0.8325
11.12	0.82946
11.13	0.82638
11.14	0.82325
11.15	0.82008
11.16	0.81687
11.17	0.81361
11.18	0.81031
11.19	0.80696
11.2	0.80356
11.21	0.80012
11.22	0.79662
11.23	0.79306
11.24	0.78943
11.25	0.78573
11.26	0.78195
11.27	0.77807
11.28	0.77411
11.29	0.77003
11.3	0.76585
11.31	0.76156
11.32	0.75714
11.33	0.75259
11.34	0.7479
11.35	0.74307
11.36	0.73808
11.37	0.73294
11.38	0.72764
11.39	0.72216
11.4	0.7165
11.41	0.71066
11.42	0.70463
11.43	0.69839
11.44	0.69195
11.45	0.6853
11.46	0.67842
11.47	0.67131
11.48	0.66393
11.49	0.65628
11.5	0.64833
11.51	0.64007
11.52	0.63146
11.53	0.62251
11.54	0.61317
11.55	0.60345
11.56	0.59331
11.57	0.58274
11.58	0.57172
11.59	0.56022
11.6	0.54824
11.61	0.53576
11.62	0.52284
11.63	0.50953
11.64	0.49592
11.65	0.48204
11.66	0.46799
11.67	0.45381
11.68	0.43957
11.69	0.42534
11.7	0.41118
11.71	0.39714
11.72	0.38322
11.73	0.36941
11.74	0.35568
11.75	0.34201
11.76	0.3284
11.77	0.31482
11.78	0.30126
11.79	0.2877
11.8	0.27412
11.81	0.26051
11.82	0.24687
11.83	0.2332
11.84	0.21951
11.85	0.2058
11.86	0.19207
11.87	0.17833
11.88	0.16458
11.89	0.15082
11.9	0.13706
11.91	0.1233
11.92	0.10954
11.93	0.095788
11.94	0.082046
11.95	0.068318
11.96	0.054607
11.97	0.040916
11.98	0.027249
11.99	0.013609
